3161 3161 2939 296
247 1082
290 819
117 1427
1718 2073
1914 3138
838 1684
1475 2607
479 1652
1667 2666
428 2366
1630 3144
621 786
360 2487
97 1139
1144 2973
174 551
849 1851
2340 2457
846 1537
1270 1540
2058 2916
2753 2885
1217 1531
341 936
518 1830
2570 2695
2091 2539
635 2122
1678 2510
1284 1359
310 371
314 2202
167 2298
882 3046
2231 2860
730 1383
1946 2839
716 2460
1310 2551
131 2955
2451 3080
367 1983
6 1135
1568 2130
1494 2845
1395 2873
99 2983
2429 2589
1443 1784
1648 2672
729 1092
1750 2533
3135 3160
540 3062
514 1500
327 719
537 612
1214 2061
823 2976
942 1102
2350 2580
979 2303
1368 1901
2159 3142
164 758
1062 1559
804 1526
39 963
493 2033
733 2490
426 1014
226 2918
698 2397
452 2432
502 1728
1030 3125
1546 2412
73 2254
466 1442
1262 2437
84 2369
1358 2070
1494 1691
1218 2450
1209 1833
1463 1554
814 2250
1255 1343
50 2823
1519 2168
18 1613
975 1854
483 872
157 1889
291 2353
2336 2917
303 508
453 1172
2394 2420
934 2820
657 1257
660 2809
419 2622
1782 2504
1715 3122
763 1360
133 2019
2271 3058
1780 2384
2643 2946
1158 1175
172 517
1594 3138
298 2286
1728 2111
2362 2548
1288 2811
1600 1623
3048 3101
358 1173
425 1392
2023 2054
223 2662
311 2465
2386 2848
170 2050
422 427
1053 1155
1217 1581
818 2681
351 1692
57 1584
136 2928
950 1527
1505 1589
2081 3006
1521 1892
818 1445
1917 3012
1333 2697
75 1904
347 2229
2284 3071
1949 2374
2909 2996
1595 2812
398 1970
2585 3118
552 799
298 1487
916 2335
1748 2344
95 2316
1912 2618
1935 2504
88 3035
1421 1923
344 1238
3049 3086
2021 2802
1374 3001
356 1632
579 1216
2405 2535
2798 2804
1193 1408
927 1512
2897 3097
1583 2451
2281 2563
2196 2585
1444 1864
1376 2505
9 618
926 2925
655 1411
687 2403
355 978
2655 2915
515 564
2018 2899
288 2757
637 1512
202 2264
335 2540
504 1785
1779 2057
406 1507
1526 3062
223 333
243 924
1716 2153
2544 3116
1656 1813
335 886
2120 3018
1414 1971
484 1320
2799 2994
2071 2075
686 3037
2697 2719
739 1415
717 2230
1736 2819
821 1280
1121 2867
2189 3158
2438 2839
2780 3150
213 2698
80 1483
236 2635
1919 2718
166 2258
463 2288
2273 3046
61 1054
315 328
25 1850
1467 1940
1175 2298
166 676
899 2502
1490 1935
2769 2982
854 1580
756 2336
565 2583
981 1093
1367 1912
1428 2710
633 2187
724 2210
27 623
909 2743
1842 2992
172 1875
1774 2845
1049 1108
301 2908
344 1986
1377 2904
464 1013
1002 1801
340 682
434 1739
797 1576
387 1264
1390 2227
1121 1999
652 907
1533 2594
207 1993
384 475
561 3057
1992 3058
2656 2700
711 1734
1586 2651
144 1461
802 1048
1268 1989
1147 2290
2516 2972
1626 1815
250 1939
488 2498
2494 3015
890 2733
722 980
937 2723
816 1310
88 1343
685 2884
2083 2154
215 2234
1081 1771
1054 1575
2176 2489
661 2797
35 1113
683 1208
472 1582
1504 2294
112 1686
71 2344
2759 2901
73 1867
169 2940
307 2223
1903 2847
34 607
751 2240
2217 2384
1453 2093
808 1928
260 3131
110 2556
2081 2264
2166 2986
2225 2626
106 573
226 2414
1507 2584
19 1226
1397 3026
1268 2404
1407 1980
173 2432
2520 2617
2509 2707
987 1007
626 965
612 1179
1095 1283
836 2152
641 2112
822 1314
2373 3112
1223 1281
81 2625
833 2360
885 1421
1433 1484
704 2348
1601 2338
725 811
194 2463
1576 1649
546 2036
2472 3060
1857 2566
130 3127
1342 3150
575 668
2841 2953
2625 3075
28 1113
1837 2916
1484 2773
1180 2725
659 2790
1208 1837
573 1798
778 807
268 1828
919 1327
1660 2766
1515 2304
55 1936
1408 2863
647 760
2240 2371
330 502
1011 1906
1211 1352
1735 3137
293 2004
1167 1476
1712 2866
343 1593
1046 2747
1169 2426
898 1047
1787 2332
493 2821
1744 2693
231 1929
834 2380
970 2847
1405 2760
781 1665
1183 2942
902 2581
96 1042
1336 1339
418 1067
2015 2652
651 1283
1523 2203
437 2134
1259 2302
383 1584
1114 2305
1401 2255
541 2594
955 2672
620 3003
2745 3073
1294 1653
485 1978
2194 2197
853 2990
533 1046
2535 2865
302 1629
268 820
369 435
2758 2930
1713 2310
1034 2356
183 2743
183 641
780 2857
42 790
602 1214
77 3072
547 2031
1097 2216
516 559
1387 2558
1932 2390
1853 2478
589 1579
1721 2830
569 1379
591 3109
471 2273
110 2827
416 1741
437 1700
219 2076
300 963
1026 1888
422 2687
1983 2292
735 1417
2559 2595
872 2122
1261 2235
2540 2673
728 2563
281 2812
86 1013
405 516
581 1321
978 2160
2274 2406
343 642
98 2793
2428 3145
388 1243
2034 2045
430 1916
133 1404
2481 3087
1921 2276
1743 2462
392 1870
593 753
496 1868
957 1381
2590 2889
1418 1755
1425 2011
532 2667
1371 1715
749 1322
2004 2403
56 2493
546 2687
39 2637
1780 1990
508 2901
1093 2427
1304 1339
1025 2966
1870 2395
1061 1597
653 3030
629 960
2187 2606
577 2581
1127 1286
418 1705
1333 1341
151 450
1931 2116
338 1682
886 1376
227 1976
1166 1455
1117 2355
773 1969
83 1682
2349 2484
915 2879
719 1687
2470 3133
642 987
727 1194
911 2619
275 1696
1810 1898
11 2391
210 1144
1618 2701
2546 2588
1720 1864
531 1386
26 1261
1563 2887
2721 3022
1237 1398
875 2978
1215 2142
1994 3028
103 1729
1008 1324
1400 1997
1762 2755
2765 2936
945 1412
953 1309
2090 2485
108 443
1155 2612
1383 3113
2869 3053
424 1210
1014 1605
463 3130
354 473
1363 2794
2869 2990
1223 1862
2696 3074
555 1629
2416 2882
129 2413
1373 2248
2836 3135
329 364
2756 2981
471 712
246 2696
176 1868
1805 3154
333 396
449 510
438 2603
1038 1224
310 596
665 2449
2572 3043
1520 2316
188 2094
2393 2807
387 1451
1021 2818
731 2822
62 997
2516 2555
345 1854
1585 2430
1812 2826
1942 2840
2232 2634
2858 3055
2274 2784
1955 2658
1027 2295
2266 2486
1284 3008
1422 2538
1740 2774
2521 3033
454 784
1844 1877
1686 1788
1818 2965
734 1198
1104 1127
1285 3125
72 1411
1145 2942
2062 3152
241 2235
267 972
522 2352
2017 3076
530 1843
1538 3144
1271 1960
622 3122
2501 2508
2885 2987
742 1699
2 2760
2189 2689
272 1863
1643 2968
930 1390
328 1385
954 1311
1766 2510
2456 2865
640 2789
708 2817
1292 1315
5 1323
824 1530
23 251
1509 2475
412 2992
445 2932
2342 2549
1591 2243
1447 1918
143 2900
529 1536
2084 2332
992 1642
484 1338
1872 2627
714 1946
317 1191
775 2108
366 1091
1767 2419
2225 3024
442 1907
1350 1675
746 2424
161 2039
586 2420
305 1977
456 497
2117 2307
1355 2878
2776 2886
867 1581
1490 2556
2856 2883
1165 1665
1085 2408
2140 2735
214 1118
1821 2813
1882 2262
947 2115
2422 2488
1919 2538
1647 3004
61 2715
494 2374
1353 2985
822 1794
1599 2358
2089 2171
367 678
280 1783
1362 2974
1119 1499
609 3025
388 2715
179 1925
1745 2393
2021 2710
1460 2615
1871 2826
1673 2164
1449 1833
520 2913
2591 3041
1227 1792
593 2436
210 2218
2804 3069
2181 3059
630 1669
1316 3102
541 2433
1308 2867
108 2871
1170 2359
1148 2334
2243 2401
865 2831
2360 2628
1086 1749
2844 2881
1094 2347
2285 2655
691 1952
1418 1434
1898 1911
902 1187
513 1348
2382 2788
1241 1844
941 2605
639 1821
2720 2859
1865 2862
961 1662
788 1578
161 2670
359 2144
1396 1722
1300 2385
2480 2631
389 1088
2027 2551
1431 3071
1316 2921
2739 3017
1727 2150
1128 2454
70 1932
2375 2602
204 1998
2052 2576
160 1799
1168 2778
165 1277
1069 2343
974 2014
550 2287
177 2552
667 1980
613 2389
1861 1985
320 2334
140 598
1234 2939
2340 2482
1378 2348
1922 2458
1293 3014
837 3136
1107 1957
1299 2948
1504 2891
1747 3101
991 3090
1531 1642
177 1899
756 1984
716 1510
863 1880
461 2661
96 1129
1115 2169
481 2645
1595 2131
718 775
232 1987
962 1727
985 2647
159 1726
817 1063
2282 3110
984 1024
15 917
1972 2684
145 740
2577 3051
1303 1348
563 1189
809 1646
629 2786
1221 1894
1244 2158
2690 2853
2249 3037
663 2142
420 2752
1885 2732
1314 1612
778 3011
2744 2911
2197 2884
790 852
1828 3028
681 2220
566 1024
271 1606
1258 2902
711 2533
985 1937
1356 1637
1768 1993
318 2502
670 2296
116 2345
1394 1545
1548 3063
1349 2808
197 1922
740 2550
317 3065
1233 1491
1274 2190
233 2173
58 1202
145 1289
1477 3032
2629 3002
1795 2805
574 1103
721 2388
624 2951
1625 2068
2228 2531
690 810
35 1705
16 1678
709 1613
441 1079
627 1560
836 2050
2059 2490
1502 2560
272 2880
723 2224
1981 2060
1878 2265
211 724
1690 1701
748 1259
1073 1160
764 2816
1426 1462
1513 1878
895 2114
1865 2615
935 2485
842 2567
319 591
704 3095
1178 1644
99 477
105 1769
1448 2560
490 1603
1129 2416
15 2363
119 2071
408 2256
477 2898
2620 3141
1056 2315
2024 2300
1278 1459
6 2545
442 1067
992 2310
269 1132
519 3107
1033 1973
1083 3157
90 497
1186 1913
638 2175
277 2996
116 1908
1681 1913
182 3052
269 2923
16 222
205 2198
1432 2987
1166 1904
2448 2496
750 1762
723 2543
327 2933
638 757
1653 2960
1070 1101
408 1446
1832 2979
673 2364
2125 2410
265 1347
2468 2526
858 2444
812 3024
180 3082
1766 1906
205 209
171 1140
580 1761
507 1555
411 1207
3027 3155
2086 2728
937 995
1657 2558
446 2568
456 892
341 2840
515 2160
2115 2206
657 812
121 2528
1078 1789
1312 1468
1778 2981
386 2929
349 1090
277 631
2430 2842
1132 2642
1711 2680
1979 2801
1588 2361
617 1675
1948 2489
684 2646
1818 2151
737 3006
1566 2067
1800 2721
12 234
568 1896
356 2781
2210 2883
1743 2849
46 372
1735 1827
457 855
1659 2686
509 709
2825 2837
1515 2781
1165 3094
800 986
404 2145
505 2975
737 2503
2252 2395
588 3139
670 2576
43 2842
170 431
686 2863
407 2313
1839 2488
959 2571
67 667
20 1883
1701 2898
2799 2985
1328 2082
675 1897
1910 2263
2255 2314
386 459
376 2984
2129 2358
302 2634
1636 2671
1706 3066
397 1275
1834 2202
187 1124
1628 2097
825 1895
1143 3154
834 2246
1018 1345
1331 1943
1298 2207
1517 2731
244 752
1573 3015
747 1441
528 2469
11 313
1900 2572
2188 2658
1909 2102
1300 3100
1077 2270
242 1538
127 1153
1297 3156
1522 1721
93 728
295 808
1639 2616
1001 2588
744 2127
841 1962
556 776
1941 2330
1384 2109
637 1372
692 823
1807 2367
760 1955
2104 2819
893 919
616 1099
1338 2372
531 1482
1549 1749
1714 1915
1010 2959
880 2862
109 2905
1558 1966
712 875
1301 3137
1645 3029
1228 1664
1607 3014
174 2964
1989 2958
404 2925
2008 2271
759 2035
104 379
767 1321
1707 1975
432 2525
736 1230
69 312
1344 2269
1128 2654
2341 2633
720 2577
1387 2940
1076 1838
236 453
940 1644
1393 2406
669 957
1274 1689
132 2183
390 2895
2139 2887
45 2943
1883 2893
989 1624
640 1634
2651 2970
1567 2825
2354 2989
156 2506
2096 2666
967 1574
2345 2727
1807 3105
1007 1570
1043 2263
513 2383
1764 2956
2132 2324
623 2731
66 2103
85 1137
1622 1656
924 1889
1292 1326
1188 2347
527 2297
256 1956
1327 2204
273 1154
29 293
1393 2396
901 2823
693 2096
739 1671
1092 2387
876 1088
524 2704
254 2959
975 2321
2119 2872
2013 2285
2261 2607
154 1364
2260 2900
107 2849
189 1431
403 1264
1031 1412
2193 2279
185 1341
1228 1775
938 2201
729 1652
2318 3000
1388 1555
604 912
908 1809
1265 2670
51 2361
1768 3038
214 1958
2772 2795
251 949
977 2998
350 1278
1867 2950
1366 2733
50 2186
579 1028
1487 1884
646 2754
732 1797
149 2692
2639 3124
958 2945
139 359
715 2808
795 2851
689 2792
1974 3149
1666 2541
1159 1256
285 991
1633 1969
599 2762
104 2665
1646 2033
986 2709
1554 1855
1150 3114
770 1270
1313 1672
1676 2723
1480 1534
1440 2632
2554 2660
2155 2859
2286 2868
1057 2506
1403 1934
773 1722
821 1511
1792 2039
705 2919
238 1180
1295 1353
1187 2219
660 707
1612 2026
831 3042
801 810
33 1635
867 2063
255 1189
2092 2870
543 2725
2598 2608
2184 2536
2060 3040
1520 1804
79 1447
1831 2024
1416 2454
423 2099
1503 1783
1893 2792
312 982
938 1357
2338 2827
2066 2611
303 2866
578 1174
2064 2114
1988 2035
1609 1730
843 2465
1307 2938
157 2944
718 2565
1699 2477
2098 2411
1572 2007
835 2179
1641 1693
1499 2550
2569 3115
830 2872
13 2529
916 1160
814 3084
1493 1610
1050 2764
1556 2967
1205 1506
685 1004
259 816
1704 3000
7 21
1786 2192
645 2750
1004 1981
392 694
156 2659
562 2974
653 2330
47 2333
517 2381
859 2048
1 950
674 1065
2260 2968
2188 2636
1616 2117
1177 2738
676 2525
444 2342
424 1566
60 2175
1122 1673
178 2621
910 1276
1198 1386
684 2772
198 2059
1394 1873
2185 2213
394 3119
542 2228
1578 2569
856 1365
2212 2971
262 2418
1474 1915
983 2881
469 572
590 741
2860 2989
677 2694
479 2988
2303 3095
850 1674
550 2093
140 2135
2730 2908
135 2991
2259 2471
31 1413
1615 2003
592 2346
375 788
2293 2969
939 2628
1982 2440
384 2957
1933 2821
107 2377
321 605
2138 2557
354 847
1750 2979
982 2559
465 3061
1442 2475
1439 2638
261 589
1200 1744
618 2599
369 1295
797 2579
52 2669
2952 3067
555 3105
184 2999
460 2578
626 2054
464 1399
2137 2548
914 1299
714 2064
455 2729
1105 1220
136 3089
248 506
979 2118
1248 1863
10 2878
211 3160
482 2653
1679 2041
2009 2014
1218 2969
238 2199
1186 2479
1184 1882
1953 3159
576 879
227 2523
186 2586
1026 1328
606 2464
22 777
1899 2519
990 2851
2250 2337
780 2331
1399 1464
1643 1803
306 2726
840 1954
381 1827
94 610
1075 2231
2322 3132
100 2904
1336 2058
233 2010
701 1795
358 3070
150 1811
1027 3083
400 2699
425 1770
1156 2961
968 1041
1104 2574
1247 2941
331 3045
956 2679
996 1377
123 1039
552 1157
79 2895
221 2646
2518 3039
307 1965
2194 2205
672 753
747 1305
1826 2153
1370 2171
413 3007
845 2085
1329 2935
523 2630
1001 1916
209 2617
540 1282
1706 1890
316 2030
436 1023
959 2964
1769 1803
74 2299
603 1662
506 3040
142 409
1059 2932
1790 2000
2163 2630
1516 2254
503 2888
1222 3002
648 2677
538 2714
1233 2966
1008 2663
74 656
191 659
2398 2645
1095 1676
1712 2179
2052 3140
1483 2242
1240 1611
24 1465
544 1978
1396 2113
717 3022
2082 2641
122 1124
2074 2472
1102 1360
428 1789
2757 2805
527 2281
1435 1895
2078 2283
1564 2713
2149 2402
495 1443
1078 2041
1772 2738
1874 2751
1577 1690
220 225
255 2464
1649 2280
1928 2517
447 561
1872 3092
111 2599
215 3019
245 1962
768 1495
287 1751
52 1905
470 2586
44 1096
679 1436
944 1521
921 1380
2445 2776
446 1791
1637 2609
680 2953
526 1106
611 1755
826 1312
733 2168
845 2195
89 1489
827 3136
934 2322
900 1488
501 2706
1881 2718
662 1688
155 2400
2046 2796
1098 2547
1496 1777
2453 2912
1824 1860
1373 1871
291 1346
1936 1973
658 785
2775 2855
419 554
2378 2937
942 1623
1216 2910
1206 1836
481 3020
819 1085
360 2914
1153 1956
782 2843
449 2100
1177 2906
1117 1977
1680 2205
1942 2937
615 766
881 2924
139 702
906 2671
1305 1375
1015 2791
1923 2251
128 3032
764 2512
884 2066
325 990
1231 1658
1197 2148
2089 2116
1346 2764
888 2067
1987 3074
352 2922
32 1655
171 2543
1884 2649
703 3161
31 187
876 2761
2371 2816
549 2797
1406 2692
1481 3106
1651 2290
1468 2837
1650 2447
1176 2580
989 3039
584 2511
890 3111
1540 2268
548 1282
135 2289
2029 2575
1859 2265
768 2868
628 904
505 923
18 1603
592 1562
1428 2603
905 2154
1369 1598
1641 2532
983 2174
219 380
158 292
1852 2790
828 908
81 586
863 2676
1146 2824
2890 2920
2492 2769
1351 2745
2025 2604
1901 3004
273 2056
1703 1708
2800 2831
1239 1711
929 1806
175 824
1355 1739
913 1414
301 3129
553 3117
1032 2109
3049 3053
190 2046
1469 2376
460 2144
1084 1773
968 2814
1242 3078
798 1269
180 1206
1035 1539
861 1997
1363 2497
2011 2763
1851 3055
1349 3044
1845 2204
825 1168
2527 2771
313 1546
414 1232
178 1688
2601 2675
142 2468
1309 2741
651 2016
1650 2031
2183 2873
1759 2998
558 2835
500 3142
1325 1479
2084 2425
1009 2933
1105 2902
1866 2677
151 2244
2167 3016
929 1817
491 2980
83 1885
815 2324
893 1195
326 996
91 1090
1565 2741
1991 2267
1332 2037
958 2474
1765 2450
1389 2927
8 2495
769 1003
1968 3100
1196 1344
80 2242
1683 2213
645 1869
2136 2768
636 2044
512 2496
2284 2949
1196 1732
869 881
1188 2192
296 412
1161 2597
1003 1057
134 960
2107 2877
138 2439
195 1534
1545 3050
668 2417
1710 2676
1224 1787
363 2110
169 3019
2759 2975
322 3013
1018 1588
1380 1606
500 999
220 2105
1617 1908
82 2647
1820 2141
529 2407
152 3098
571 2301
578 2833
1802 2836
1290 2894
1267 1605
2101 3149
326 1951
1640 1781
415 2597
2431 3070
1045 2349
649 839
2217 2960
217 2644
1036 2633
1334 2833
1939 2861
452 2467
37 1944
1853 2999
621 1234
54 1219
1219 2668
761 2712
475 1100
1738 2005
33 1424
125 3009
542 583
521 3112
297 1986
112 2698
601 1437
1669 2276
228 1718
3087 3155
2438 2640
1086 1397
76 1331
4 1059
395 1273
1164 2422
1036 3145
382 2620
805 1829
765 2788
1729 3088
12 2072
726 3131
2289 2917
1561 2903
402 2749
699 898
487 1191
473 1112
147 636
264 2170
324 2442
2542 2911
935 953
842 2359
478 2048
2537 2832
1190 2814
270 370
1182 1582
63 1403
1296 2665
109 973
928 1037
967 2399
509 813
608 1347
196 2495
585 1572
835 2346
240 2758
725 2325
1409 2691
306 2094
68 1849
1501 2951
10 2889
2227 2308
567 2130
122 2739
616 2503
1212 1707
1304 2993
450 2714
632 2526
2641 2965
21 2930
1045 1419
62 2073
250 308
1287 2427
102 1984
2055 2306
2149 2396
1064 1996
1513 2830
244 2354
2032 3116
1254 1335
1968 2752
111 795
804 1246
1436 1444
789 1151
2043 2675
45 443
1077 1897
1229 3103
119 323
2174 2530
1053 1852
1369 2211
2693 2736
830 925
1525 1618
507 553
774 1101
114 2782
3078 3151
882 1528
3056 3148
563 2716
2257 3033
946 1097
1326 2128
2295 2592
334 1307
391 1047
2774 3104
339 798
296 786
1405 2156
1272 2846
1434 2423
376 2061
9 2722
654 2970
206 370
751 2002
946 2379
282 1122
777 1550
462 1947
2649 3034
297 3103
1979 2123
1746 2163
590 2980
395 674
1763 1902
85 2962
635 2963
2 1677
1948 2434
357 488
562 619
2399 3093
1974 2587
390 1839
1040 1226
2662 2843
1099 2890
1845 2157
2352 2991
1756 2876
158 2688
1685 1724
2323 2392
2206 3013
1933 2954
694 1781
1058 1533
2126 2513
1992 2565
32 683
483 1171
2152 2446
905 2567
1693 2199
132 3134
2045 2896
1429 2775
554 1639
1398 1760
783 1222
571 1017
368 680
1847 2841
857 2209
289 2593
1670 2780
526 1594
29 3094
1782 3134
2147 2236
1508 1568
2103 2778
2007 2690
2600 2685
435 3065
194 1547
141 1772
284 1736
2423 2947
47 2518
1017 2085
2146 2507
906 2333
2392 2667
304 3121
598 2762
403 2897
2325 2683
1498 1648
1732 3054
1193 3021
559 2654
1126 2288
1455 1753
560 1492
462 1204
2099 2376
299 3007
1252 2848
1032 2177
263 1529
510 877
952 2032
1547 1689
1420 2311
199 1182
1696 1991
2537 2648
931 2513
1448 1816
1286 3139
2080 3047
1548 1663
208 1677
675 2590
652 3106
648 2500
1243 1452
1816 3075
650 677
1881 2442
2209 3054
3 2652
1477 1776
1022 2401
489 2121
263 2037
401 2995
396 673
1385 1622
606 1761
2139 2380
900 2794
844 1862
1481 2226
64 864
2086 2994
1573 3123
1747 2669
602 2487
1406 2329
1627 1860
1351 1890
294 336
1230 2660
722 3081
237 2294
1416 2746
1667 2727
647 2305
1478 2180
528 1453
512 2473
783 2102
148 687
275 815
181 1146
803 2857
587 2850
154 738
661 2180
866 1458
1157 1450
1087 1172
1185 2515
522 1745
699 2006
266 1391
197 2639
1941 3031
2008 2575
519 2681
2143 2928
494 662
2091 2497
2200 2683
977 1220
1137 1952
2150 2522
749 1944
364 2355
267 1466
1441 1893
1536 2754
1402 2811
237 1615
20 2461
2418 2702
1235 1457
1741 2275
337 3115
1294 1628
1000 2779
167 3021
1608 2601
130 2534
1598 3068
288 1263
1034 1068
274 871
1016 2610
374 436
278 3156
1052 1859
304 1152
525 3113
1493 1963
155 2685
1725 2610
969 2182
2431 2499
19 1202
1044 2013
1306 1801
2408 2684
1738 1786
2124 2128
2275 2512
564 1012
1557 1788
124 1658
580 2875
279 734
1917 2834
276 2394
1074 2770
1265 1422
594 1275
883 2787
608 794
1920 2125
1559 2767
252 744
1450 2682
2075 2203
465 2943
948 2443
933 1138
315 1608
2544 2892
1236 1456
230 921
1929 2734
492 1330
1835 2844
22 2297
402 2219
470 2984
1181 1435
68 869
776 3003
1043 2499
1961 3005
1112 2945
2461 2536
1937 2524
2207 2530
1320 1463
8 2456
1579 2712
2237 2761
858 1506
222 1340
1158 2083
1604 2907
2973 3029
727 745
1957 2514
193 1260
377 2616
292 2584
853 1022
2807 2923
1586 2800
2270 2737
2182 3038
759 2022
361 2498
89 2921
353 2201
28 64
2012 2744
162 2522
1580 2528
7 2523
1068 1805
439 1289
2134 2834
1081 1627
1061 2732
1452 2793
1857 3066
330 1907
55 1496
1601 2650
2976 3083
1432 2469
681 3108
843 3018
163 1048
242 1079
582 2351
1553 2674
1542 2682
361 1849
148 2482
1082 1733
856 2165
2903 2926
186 316
1848 2637
1708 2711
69 2524
1449 3041
1151 1426
439 1019
909 1368
851 2441
127 2312
1028 1610
1462 1723
1473 1683
1680 2005
850 1324
1016 2133
1263 2608
225 1758
1518 2043
2053 2133
1877 2770
1199 2208
1041 3079
826 2463
67 700
417 1631
897 2705
2167 2729
235 2815
1467 2366
1199 1663
2147 3023
487 1280
1174 3084
1116 1674
100 1154
782 2079
1116 1569
663 2553
265 874
511 2952
54 262
1927 2172
239 1197
793 1141
1640 2104
633 1089
868 2787
1668 2545
993 2944
601 2673
570 644
212 3119
903 1725
1009 2517
1109 2268
1293 1565
1671 1947
1260 2326
1620 1832
1083 2256
980 1855
373 1337
160 1590
697 2367
398 1784
1896 2258
949 1754
710 2806
1301 3130
511 2635
1549 3126
1509 1911
604 2247
1437 2364
345 1142
224 811
245 2172
1621 2605
416 2828
1391 1709
1636 3077
2632 2699
1666 2686
2042 3120
254 318
915 1617
144 1790
1982 3052
128 1561
984 1491
184 2444
2993 3092
467 2155
868 3124
1996 2397
243 281
713 2178
249 2918
203 1203
474 1252
247 2309
282 1192
771 1306
2365 2742
216 1510
324 779
871 1664
1819 2643
654 895
1308 1525
889 2178
1813 1822
363 2509
192 1869
147 829
1296 2802
1108 1381
1388 1759
1231 1767
181 2023
1096 1815
1532 2574
153 1875
1611 2935
1374 1834
1106 2452
259 2566
340 2606
1874 2541
503 928
175 1474
44 2740
240 576
1514 2017
286 620
581 832
2221 3096
1358 3093
14 2001
1480 2486
1378 1902
113 2934
258 2161
1961 2678
1413 2927
1930 2888
1225 1271
202 336
1094 2415
329 2028
1614 2661
2688 3011
913 1779
2514 2749
379 2623
545 743
2165 3080
1354 3020
792 1465
53 1232
200 1953
27 1325
3068 3081
1719 2080
1806 2277
998 2555
1332 2161
429 954
939 1842
252 1110
1195 2151
348 2280
857 1266
1262 1773
1163 2391
1963 2907
2132 2573
741 1519
146 951
90 2483
1395 2746
930 1317
962 1237
2026 2065
451 2453
609 1949
1240 1720
1764 2038
1847 3157
617 738
1287 2947
86 639
854 2779
1808 2483
2238 2763
347 351
5 23
1213 1495
36 353
381 2592
97 1831
966 2931
1051 2876
585 2164
518 1379
2278 3017
1020 2481
998 1276
1352 1971
378 2828
1256 2798
120 1651
1051 1239
382 1635
557 1126
2806 2822
17 1075
1251 1620
1420 2717
925 2598
1415 1826
743 1454
1279 2571
2173 2622
1322 1995
1841 2328
880 1084
1571 2871
321 1602
2245 2948
26 955
534 2191
1737 1835
1524 2734
2016 2056
1999 2034
1318 1614
1731 2425
53 1461
891 1774
752 1407
365 765
1470 3042
56 1988
1823 2657
874 956
2140 2713
1967 2386
1066 2679
498 1215
165 732
1135 3147
123 2051
352 630
697 2388
191 2186
1131 2912
698 1123
2245 2934
1535 2400
235 2466
2020 2995
870 1552
468 2627
820 1891
2105 2852
1596 2193
1089 3120
907 2931
417 774
421 1060
427 1522
656 2880
445 1150
78 1723
46 2307
432 1475
59 411
1005 1060
899 2040
37 2212
1856 2365
2313 2680
1225 1273
1742 2068
1330 1558
2362 2850
1873 2624
239 2982
2379 3030
2593 3143
873 3108
1508 2123
2100 3048
30 2069
1201 2484
162 2922
726 2047
878 1804
1120 3104
831 2587
792 1272
332 423
838 1894
1470 1687
192 393
523 2478
2291 2459
102 1152
41 613
492 860
1840 3060
1021 2326
185 614
399 688
914 2892
1035 2549
276 2377
695 832
82 1072
627 1958
1005 2771
138 1073
466 575
1213 2301
1125 2663
644 2740
212 720
547 2368
455 1660
1098 1697
932 2471
163 1489
149 3151
1684 2941
536 969
274 3089
87 791
650 658
476 643
1267 2106
141 2899
1207 2015
2220 3067
179 2306
1350 2773
1846 3091
137 2319
204 1251
457 1103
1429 2208
1384 1600
1910 2369
338 1100
1596 2411
706 961
1071 2689
544 2856
103 2095
468 2269
918 1012
572 917
1246 1697
406 2211
1212 2112
1159 2961
350 1229
1211 1888
631 1593
2090 2803
803 2244
2138 2791
393 1456
486 2915
2098 2234
1031 2097
2457 2832
331 3133
1830 2613
1575 1950
973 3128
48 2129
2373 2768
410 1170
2958 3141
1006 1248
1140 1599
1502 1567
1858 2087
802 2977
106 1856
2009 2372
537 2010
98 2829
1591 2191
2595 3102
124 1257
362 1204
1621 2300
754 1967
735 799
168 1791
2809 2838
2596 2659
1131 1255
861 1886
168 1340
30 600
1245 2706
1402 1460
1900 2783
1253 3143
1354 2291
849 2127
2238 2784
796 945
1164 2443
1110 2477
129 828
91 3031
1337 2215
1288 2239
1765 2573
897 1751
891 2962
2320 3090
117 1748
92 1713
271 1934
730 862
1291 2650
536 3111
105 394
649 2636
2602 2789
692 2421
1181 2226
666 2029
1125 1587
1317 2529
1334 2107
1249 2363
1025 1777
120 796
287 3091
146 1704
1829 2126
261 1162
1685 1730
1994 3123
1356 2382
538 966
922 2963
1382 2905
767 2253
665 2748
2177 2424
549 1959
758 2505
800 904
766 2435
59 1785
548 2020
2063 2436
241 3098
2527 2914
337 1695
469 1311
256 997
1661 2726
454 1065
784 2766
2051 2474
65 2852
308 1570
2412 2810
671 1752
1010 2320
771 3001
731 1668
38 1221
1887 1918
1517 2691
2357 2648
1440 2972
216 1200
348 3152
748 2864
1417 1926
972 1824
1965 2748
883 1537
207 901
879 3096
311 391
595 1891
440 1162
557 2452
38 1313
878 1319
300 2553
378 2448
2562 2983
325 1365
285 2216
1169 1492
2609 3097
1458 2145
918 2025
1039 1382
203 2414
314 2357
2421 3057
1238 1359
1466 1589
1661 3128
230 2257
1528 1574
1638 3026
451 624
1564 2215
14 926
1655 2864
525 2539
851 1133
1069 3035
478 2131
1050 2589
545 1960
49 693
1657 3088
294 1820
1619 1692
1710 2335
1439 2389
1134 2854
625 2542
309 2162
755 3110
2241 2946
414 2470
1080 2248
887 1244
1535 2532
229 1361
405 1375
583 1148
1371 1445
1647 2701
558 1976
1254 2262
848 1392
862 1241
373 448
397 1167
1825 2214
841 3069
1049 1141
461 2579
1038 2222
2381 2437
628 2728
1063 1775
2077 2810
458 1702
865 1909
434 1505
3034 3127
1838 2708
1410 2783
903 1771
1364 2854
1247 2644
357 3016
2390 2552
1072 2596
877 1194
988 3099
93 772
198 284
2221 2224
2407 2950
1362 3010
2176 2521
534 3023
2820 3129
789 2936
1609 2554
504 805
496 2072
2619 2815
533 1438
1119 2777
410 892
420 595
1485 1514
1471 1691
279 569
201 1746
584 2785
1733 1740
746 2088
520 2158
785 2455
600 2751
440 2795
290 700
75 769
2317 3064
2200 2222
707 1760
1227 1486
922 1319
71 2988
224 1518
655 1756
164 2293
1056 2417
332 342
349 1633
884 1055
1892 2019
1389 3043
801 3114
2356 2493
1503 2582
1850 2956
80 1544
619 1542
17 1950
1479 2955
476 1357
1107 1430
2314 2557
2070 2277
433 2570
981 2801
1597 2106
126 1876
848 2886
1552 1822
745 1700
206 1638
1446 2853
1366 1409
2000 2108
2196 2756
472 2716
1171 1695
1030 2409
887 1178
1011 2057
611 678
927 1752
1975 2148
480 2664
2233 2846
1000 1250
1478 2695
377 2977
634 859
1551 2708
2006 2237
2624 3121
1778 1825
228 1235
66 664
539 1291
870 1130
840 923
1361 1529
490 1880
2095 2896
371 2030
375 2492
787 2353
1438 2986
188 761
894 3079
1123 1266
176 342
2135 2703
1269 2308
1539 1802
855 1931
72 1964
1659 2402
2441 2591
87 2162
41 911
1654 2229
40 2028
114 2214
1698 2614
757 1524
943 2877
1776 2480
431 2136
2445 2459
791 947
448 1029
43 319
94 2893
2087 2519
781 2750
355 2511
1486 2838
1058 1670
118 597
368 762
246 2124
701 2076
126 415
970 2879
231 2929
2101 3047
1302 2266
173 3064
910 2818
999 2709
702 2626
253 1482
76 664
1998 3159
1372 3050
1717 2327
299 2705
1134 1541
813 1139
1731 2447
257 896
1577 2261
501 1925
480 976
567 1823
1076 2299
84 2460
413 1698
1279 1681
1726 1924
200 3059
2824 3118
1109 2817
1497 3051
3036 3056
264 372
539 2614
1323 2835
286 1143
498 2055
101 2997
1002 2251
770 944
1145 1185
1201 1454
218 535
25 2323
2435 3044
2926 3012
920 1757
1694 1737
289 1814
2368 2724
495 1796
217 2600
1583 1793
762 2190
607 1111
118 920
1297 2439
994 1924
952 1985
736 1632
229 2894
682 2143
688 847
1147 1794
896 2223
115 2564
632 710
1302 2267
1476 1511
1798 2282
1285 3140
459 2166
92 1015
2501 2719
1544 2612
1 438
1149 1253
95 570
2027 2621
1037 1070
2157 2547
1716 2491
1959 2829
441 646
1210 2410
932 2476
1753 3082
1742 2001
257 1817
948 2137
2429 2534
1810 1930
993 2668
2578 2583
755 2315
1064 2717
249 1995
260 582
971 1808
971 1563
787 1130
2304 2434
2036 2735
2185 2938
2426 2500
691 1966
58 1876
407 1532
1498 2119
2777 3126
1156 1298
2405 3010
1404 2433
189 1758
491 2657
1183 2339
2508 2561
1184 2040
125 1115
1541 2767
34 1401
750 2327
610 772
742 1176
1631 2247
1091 1672
2604 2618
976 1485
666 3005
182 1990
134 1192
708 2378
1500 2546
888 2694
2428 3036
1203 1425
721 2785
346 401
399 2249
70 232
1630 2415
190 2978
2018 2803
1303 2440
556 2449
1590 2473
1370 1709
113 1190
2479 3161
36 2910
1245 3009
844 1943
1469 2022
2446 2786
383 2531
1562 2782
1335 2747
1074 2181
152 1249
137 389
1557 2920
4 1920
283 2906
1624 2755
599 2466
2049 2674
49 1866
1886 2218
936 1645
1071 1814
208 1770
385 3148
588 2236
2997 3045
2462 2874
295 2765
339 1719
1694 3099
1290 2232
703 1006
779 1811
1471 2507
1133 2398
1945 2967
467 482
941 2318
234 715
51 2239
201 1315
1173 2404
374 846
499 1634
409 2246
101 1585
885 2118
2385 2720
1118 1258
1914 1927
1114 2287
489 1277
1724 2337
889 1592
1472 1553
1236 2241
199 1848
258 2113
63 933
1607 2053
1800 2296
1530 3117
2515 2909
2092 2328
1457 1619
2184 2467
305 625
1345 1367
1472 1654
1951 1970
65 444
1242 1318
1717 1926
1040 2321
594 2259
2302 2329
57 2065
13 964
1209 2413
566 1459
429 2954
365 894
671 2331
40 634
530 2387
2638 2813
400 2855
2110 2111
153 866
280 2120
2611 3025
485 622
221 1569
1136 2861
1543 2044
1120 1887
574 3085
60 577
77 615
1714 3072
806 3086
2170 2913
1410 3147
346 829
793 852
1843 2582
2283 2796
1464 1819
2707 2957
143 1142
1080 2623
794 1473
1556 1846
2003 2351
1052 2038
524 2702
565 1543
965 1087
283 2520
672 1836
951 2074
1111 3158
1797 2640
2613 2722
3 706
974 1964
864 2875
270 1430
42 568
912 931
1809 2312
213 1400
195 2703
1757 1840
1858 2891
433 2458
806 873
362 1023
323 2704
860 1602
713 1250
1138 2724
1329 1796
679 1938
603 1879
447 1523
1592 2653
763 2272
1423 1527
1281 2711
1702 3061
560 1020
695 827
320 596
266 1516
807 943
2198 2419
421 1754
2077 2562
964 1179
1940 2874
1625 3077
78 1019
2049 2924
690 2156
833 994
1703 2753
2476 3073
499 597
2491 2919
1497 3076
474 2047
2341 2343
366 2078
2949 3146
605 1679
1551 2383
121 2195
1161 1793
532 2279
839 1488
48 2737
689 1571
115 1033
426 1879
458 1938
2882 3132
988 2317
1945 2272
1029 2002
614 2370
2088 2253
817 995
2642 2730
696 1423
1205 2494
2678 3063
159 551
543 3153
1427 1587
1433 2311
218 1163
1042 2121
2042 2319
535 2252
2736 3027
1136 2146
705 2568
1560 1921
1734 3085
1149 2069
2141 2971
322 837
2564 3109
1972 2455
430 1626
2339 3146
278 2409
196 2278
380 2561
248 514
754 1616
131 193
696 2233
2370 2375
385 1763
521 2700
2629 2631
587 2292
253 2230
809 3107
1424 1451
309 643
150 334
940 2742
1044 1841
2350 2870
2079 2664
1799 3008
1055 1812
1066 1905
2012 2169
1419 1954
486 2159
1501 1861
1342 1903
2858 3153
669 1604
1062 2309
24 2062
1550 2656
