1000
233108 594794 318
26652 370139 820
74130 412493 667
939321 887334 869
726073 636988 150
898234 605718 350
722320 849331 792
652818 648167 276
832366 272252 911
839972 921747 738
533027 894881 391
169893 315279 487
236199 610169 295
655367 185653 59
842707 680497 236
246492 644182 568
492300 624270 638
372469 585790 238
755484 834688 416
581865 997033 893
817281 288892 443
638413 188119 700
84752 352136 280
79671 265853 637
241312 928928 355
599886 934837 528
575352 568339 107
604598 979786 661
422458 434655 603
339475 924224 426
450494 180007 751
922922 342883 576
711395 54083 232
374244 123959 398
711764 718025 235
582031 158296 971
280413 500343 666
123051 238570 93
710277 628660 898
932433 667880 77
248893 674208 953
21325 972493 817
685544 726973 246
868083 349592 938
900312 995342 980
745961 132730 708
748498 570653 705
40561 805860 887
161279 760365 3
140585 829439 432
429772 706077 895
78662 490314 789
213437 787321 610
571629 887611 864
717826 633610 307
560445 671724 721
273568 740751 984
990023 115769 324
648948 146127 204
857423 949628 885
764854 310224 139
248708 489654 757
888033 989568 799
322986 712513 417
522597 308095 258
921976 919952 735
669932 895472 104
853927 409928 611
415124 329316 486
280975 176017 978
354580 194436 41
441725 111124 758
74375 919102 125
618307 511898 468
802011 458251 494
250979 313587 882
279447 563579 262
223913 625597 904
592851 43190 671
577313 892577 782
451082 680546 663
331538 340847 599
900962 529054 976
52886 13662 771
979716 229641 732
737939 492206 925
786623 574604 180
235694 503865 51
817943 798088 772
771140 874128 228
549438 888866 301
604910 495729 794
726919 462073 894
850937 807885 130
730560 989400 649
152840 595148 409
107407 192356 636
729717 3984 544
910255 971479 515
399253 209306 422
826441 772804 688
769189 10737 459
378158 114387 245
568885 388203 119
628630 432899 763
399888 379506 397
57460 175019 625
134514 402259 720
835524 387444 488
943848 367746 858
147587 376077 977
463927 706855 231
404997 762142 498
838655 966399 507
604159 41013 313
354117 237339 979
874557 968850 117
52318 159618 436
43781 650176 460
353966 875927 368
711868 602802 45
470365 751365 244
22688 321337 168
756376 268259 891
403418 82175 400
682957 971828 428
308712 42528 172
507598 400516 411
185807 381688 418
36457 432332 524
248699 804180 206
122720 841379 754
423966 960475 186
143157 287961 402
761658 25059 502
384328 781184 114
838366 850950 448
943827 635860 660
881069 187286 698
61146 525251 512
964115 963512 670
96677 559492 111
858649 956292 361
465987 998384 995
983645 408151 31
959311 172403 716
977013 245548 551
554659 783971 327
424566 6142 641
313412 730877 517
312047 909580 80
421019 303172 297
22088 886357 972
863695 699023 968
457478 769461 905
891738 613829 477
842911 46757 749
147840 371369 261
519775 921748 934
185439 638252 563
319869 815852 134
488245 563020 311
780011 127064 221
499432 502868 167
657845 768471 860
993568 195687 922
911389 106510 687
225889 194621 461
446478 736543 474
409072 851470 337
144290 25196 91
729161 821769 162
299155 359733 480
796040 558613 74
546829 475160 547
603727 675130 756
811853 631382 522
136918 802695 103
654198 522967 142
806948 489237 733
762837 666474 97
836338 814782 274
894607 626121 375
699117 520552 425
28039 503198 585
516942 536479 449
204168 56740 293
366992 986099 366
418232 923514 299
115112 604977 64
568707 887326 662
843844 147550 407
919341 864600 901
943341 888254 937
99211 359505 252
643359 68950 877
102683 353746 597
98502 262650 16
60621 459816 573
604246 735190 500
384083 787526 1000
109474 656476 710
213075 752434 282
189803 32144 866
892022 944179 237
514100 110912 628
583059 462512 317
130922 893538 857
259003 208760 271
542720 716596 696
10249 907108 85
739448 59186 530
322393 353279 719
114496 435161 903
645104 368730 859
287286 175989 516
254289 308322 445
878876 223342 109
154104 135455 592
597770 74499 545
833194 560063 550
963462 882425 218
252365 684128 220
235942 440634 126
882406 896132 100
579881 892756 395
802845 448764 433
292294 106927 580
291493 559951 506
678654 438663 30
244482 145789 520
737777 212285 21
372433 499791 196
532 186952 839
618860 541260 184
661130 127582 54
415713 883920 423
530830 978696 394
345688 441765 888
411188 638976 886
400314 741329 455
10546 182275 230
152767 737990 868
707322 568603 70
574546 218653 923
768585 730025 277
5967 380276 804
66454 423470 331
504398 970742 945
885121 995349 829
168990 737857 387
843047 961712 950
362663 526295 435
292120 840338 537
157292 281079 286
404341 686816 181
624425 223166 571
104349 160646 890
334106 891717 546
18237 874012 783
391332 526694 929
156563 445896 767
762341 20925 7
357867 542151 174
860519 181705 419
247829 699132 926
253964 543885 136
948183 903876 143
754390 277489 838
182912 511047 469
169276 831428 589
854401 766176 965
883803 688643 389
812127 501969 806
199957 231100 927
409905 385354 779
933152 986874 590
780 743254 870
491015 274715 325
702113 148108 808
269480 478231 112
253227 811260 424
699771 322027 360
312079 678780 534
128115 884128 145
580785 492406 116
192417 374437 89
558121 583192 132
972282 980168 724
802697 921157 96
118907 539852 803
182489 210129 908
207406 713893 889
681242 14627 481
415233 833023 630
251746 938451 379
173634 901301 622
511929 212480 940
978294 873150 434
769870 925792 377
273815 395681 853
39962 636229 399
396173 128728 269
485136 470602 577
721633 652805 456
966859 547283 717
71223 575620 388
673816 129445 453
721264 17081 223
614591 29269 105
346005 730923 82
849783 489072 288
734129 801255 900
645697 748040 58
103395 231428 587
296992 835001 836
715963 767274 876
995315 995395 692
89287 498740 219
830168 305856 420
781530 844208 695
35093 59409 357
42475 481928 405
361707 346734 65
619517 580841 314
496093 273707 702
649172 256323 567
676402 51748 942
388901 635852 819
243800 121652 572
295204 615646 194
944934 678810 676
655102 984682 913
188093 403269 484
293163 494492 28
912518 197241 410
488622 251564 50
264745 383936 776
543182 157321 26
615836 496715 861
514331 41247 699
819444 15772 632
148758 740532 87
254714 880462 6
492957 277549 340
614032 842637 815
309963 239264 414
36461 751985 99
953968 418230 370
310578 125921 802
276127 83990 14
895274 145943 989
730037 686071 306
419595 293251 768
90495 961102 801
363137 737179 849
402338 363001 122
376663 757780 46
296176 548215 798
740283 658587 429
503542 910070 734
917866 312155 966
64750 505698 78
135675 220232 790
373973 969593 932
161056 201541 268
372165 627029 333
502473 690112 906
65356 474671 791
447622 365353 378
506121 670147 788
855848 304385 504
622758 596154 807
531105 269787 501
822521 406956 781
368724 98510 294
752043 322734 463
414114 345647 668
185388 636549 554
629835 728979 192
897342 877360 880
578036 191992 175
793390 159491 369
749022 531559 464
607094 353504 527
451899 568853 178
119256 232178 907
47779 186397 508
383760 163210 596
331137 908363 47
523759 722816 415
583865 964149 850
86781 271934 328
794727 577283 264
839356 981258 15
727836 413761 582
657764 331593 629
939668 517362 787
287036 645367 382
770233 108329 61
380675 498894 800
883798 882890 557
838401 788453 914
296680 942612 346
332442 361988 345
709319 240940 330
992735 84236 251
559018 87404 34
839982 639855 956
86227 232025 381
467722 39143 964
61344 854419 326
202001 569407 653
806070 792069 101
378145 180089 183
116912 454893 163
395475 954325 385
161338 356903 5
882643 715707 645
766322 423598 342
925670 741322 199
318387 221433 25
760083 646389 275
840723 852164 32
697277 393395 188
124852 880922 380
84181 618104 574
774957 733071 531
746297 557315 841
967623 533542 10
433395 925767 296
749392 137785 683
786397 192109 338
214768 874286 697
683243 164970 835
580224 145144 283
859461 25128 847
216455 4587 20
473450 189410 11
615056 398303 290
984175 355833 195
930925 889495 404
27277 948958 29
344743 490382 170
687903 253961 309
481289 736476 44
973707 7165 616
762563 314971 745
746772 632397 165
531313 83697 834
827934 160106 518
40297 336259 108
661263 642485 472
394960 858209 828
605498 421747 991
645684 612880 492
870961 698738 69
199542 918789 614
953486 311601 225
924707 453407 160
854701 649637 665
197977 193056 308
435797 11817 565
489556 340359 482
68607 747803 548
630495 684584 902
737136 996761 566
950736 220525 467
928914 121069 617
197224 375033 146
384727 119309 646
395511 543470 144
390019 278541 581
403148 211428 672
186944 163851 39
719283 611283 675
901823 316016 899
746111 638687 833
411031 692739 569
530147 215138 741
926489 838994 113
199729 886696 179
789394 31402 466
78996 836966 744
50380 650964 543
400785 338786 538
681257 836001 140
848860 183098 67
633188 950776 998
486600 143081 240
2760 997651 896
993688 36527 438
886305 733761 811
641383 973780 304
90560 567420 106
36234 153175 726
261831 377799 92
1370 959296 742
36339 906874 148
596870 577294 510
691208 990599 983
580481 144075 793
19363 279826 655
77471 865368 224
799870 927489 447
495493 914843 291
526772 74924 743
931912 6073 731
435187 440919 959
374632 76648 210
914126 972131 740
168117 521130 536
872884 91707 229
366837 197454 765
504489 806495 987
191555 434343 558
138081 867565 533
76320 867786 94
422724 675128 746
419695 221380 578
757739 654341 266
73695 140075 55
968956 145452 711
882595 736973 539
109951 250578 709
676676 283352 478
822618 751142 393
553916 451794 954
395164 239579 935
418097 267175 182
20115 693945 43
763340 677366 775
183592 215773 505
300028 855558 955
215721 195157 725
465157 362770 102
126544 255004 722
287518 946479 986
270383 62133 354
265814 924337 272
442339 994283 816
242203 408013 822
657659 925975 53
803985 469108 755
255786 638509 352
346935 798052 883
230007 392626 981
401023 920488 386
332788 885901 993
994920 251056 532
485839 649366 444
650241 733752 52
397400 531800 149
5158 946000 540
358969 147258 564
858818 887619 739
638814 779833 75
174229 115142 786
541867 656068 949
131738 585378 475
79489 761905 81
803779 545347 208
84058 108922 764
678159 822901 832
938528 18037 197
674184 799899 256
471211 813641 729
736772 374157 766
604191 715717 403
42661 372435 727
663649 156718 570
130891 360299 1
394228 162319 892
611464 1653 915
44988 353778 975
190378 745547 631
55614 797506 643
759168 508573 349
211123 373622 974
266276 364021 941
740459 412654 513
827484 275482 664
605261 198443 944
420597 953247 957
597517 157629 373
578703 651784 260
111893 246352 933
878999 823150 875
327731 139999 541
538740 970975 63
505027 204365 674
594513 876639 158
872495 961663 278
815218 766035 135
475823 419825 476
812025 227582 881
37050 871243 421
948702 319829 339
129939 307633 884
595206 183278 259
755448 902620 292
665822 667662 227
821403 460953 312
241540 648936 650
890994 768873 679
78493 352022 529
989276 965358 446
213767 872255 86
797909 886899 586
366977 117151 490
697043 823390 358
223795 450411 430
20765 63857 13
636477 36463 137
361097 634289 335
383936 47883 284
266958 860647 33
402570 260454 639
873799 519357 128
875875 528603 209
208490 864908 691
595570 641693 635
695195 104820 909
162181 862198 267
7937 654828 161
538327 703044 281
427325 108386 496
978836 533392 503
427322 54438 270
164233 808049 624
13893 77590 523
394929 485294 736
324475 319016 969
663867 917237 871
425086 573160 9
30246 868914 298
230628 910643 129
239337 818561 525
728826 750999 943
853906 926327 778
230587 284601 250
146070 623375 322
964825 259265 384
228353 872767 827
586658 152638 216
966212 480983 685
444373 718938 677
800028 555036 988
257770 323182 79
402083 884588 401
732590 19121 265
356612 685541 796
108696 31128 562
284041 942879 623
210632 90968 718
702558 329234 910
977477 771742 392
923568 201442 626
586933 354753 748
391153 195291 559
217266 693975 928
636535 24750 499
904597 535842 84
787403 975046 462
954725 826623 556
319942 31428 155
40040 613888 198
124436 267720 68
38238 509074 856
934325 257355 830
424120 540981 842
860040 702536 118
678313 955800 982
869111 844522 202
646771 798686 12
589875 851807 549
347291 479991 141
805464 338439 363
501233 233291 8
884547 818364 560
465420 832244 855
687626 98245 712
568050 773511 164
42503 9836 489
447088 526695 715
96972 809887 659
784016 829347 851
266103 776502 810
635662 474369 332
661821 633674 88
458514 506788 40
522114 188735 960
174431 630472 147
773088 162251 990
896199 229212 620
729445 488494 831
258630 585247 35
426578 721420 606
31373 265011 526
149606 523984 257
882815 172238 612
937373 68629 302
64937 114265 713
908461 968370 812
203716 472629 769
587534 36525 72
90757 819265 356
204821 171088 693
188362 695384 439
33753 508352 854
514137 910150 90
500043 646853 701
963042 66654 825
656593 483712 412
203821 75930 376
761500 549372 152
148098 802452 521
858446 774796 154
742047 279024 689
69061 214674 241
840325 479808 390
1270 625210 351
580054 257600 320
379506 353274 408
242449 153033 253
8749 433318 920
196796 64652 973
167653 730441 999
995152 279888 344
858602 389365 607
587546 414696 57
990582 730567 138
114551 57358 121
339795 452687 217
125835 463252 248
215227 420239 948
268910 454880 737
913172 361359 176
275092 890135 598
882954 127832 362
746712 953509 627
597512 595855 678
658209 184472 681
969346 257844 38
644984 360232 190
468865 415970 497
138035 364342 874
234284 142539 365
504240 284696 127
59595 544857 634
401220 991743 173
937651 787683 305
304730 487345 4
269623 76119 947
924427 432060 602
75644 247338 242
419600 446135 555
431473 695242 608
863062 898653 752
911016 878521 651
428292 773436 249
619420 676729 452
631337 431512 514
268648 815378 759
482878 904577 329
461332 537761 511
764656 651697 234
527364 490360 371
801119 769447 648
784020 818018 809
478511 235489 110
658057 680964 348
369284 597605 633
937211 343762 878
808874 712338 367
621565 475037 289
592460 234313 652
250971 775842 374
374580 600435 750
731577 902940 686
969237 668855 967
69954 982298 159
342747 718501 760
594448 533109 300
855246 953238 353
772023 460449 48
862978 624153 473
97096 771497 359
279326 358039 71
152150 376407 427
582968 612940 213
699775 921769 680
660692 198601 897
393384 919858 49
309893 225070 493
159135 881894 441
437056 334021 867
98243 509959 285
328362 63424 334
366040 370302 211
583784 510667 66
828324 491015 27
691491 925377 483
631448 544112 644
671574 91154 579
909264 944575 873
297009 807008 795
224993 705084 618
345180 58080 961
940840 540400 372
357214 121151 323
515794 129219 171
554847 535515 200
566540 761878 76
547368 887472 123
268434 33333 491
230358 339594 657
494079 281663 784
733604 450783 601
486044 581557 431
411382 333739 936
648395 54350 98
842697 329505 535
213356 128352 997
965706 650824 201
17928 879228 561
11898 330250 703
336493 185547 157
752500 146548 848
994280 446343 454
868022 269007 704
380246 892361 958
653810 253131 222
129848 327548 921
749532 951568 917
711752 746436 706
229698 188232 588
581250 873568 279
841380 123231 406
824605 29398 930
351320 504240 347
546527 526700 83
14516 16552 315
147195 115787 254
733097 65929 2
932717 434301 166
750074 611739 60
103864 883997 24
387163 524949 479
663434 13371 682
626665 837129 471
445480 295891 56
651195 818756 485
829384 256211 553
722882 937874 187
308886 70250 805
379904 36174 133
476077 146053 413
40207 180409 845
94742 205076 656
284814 838875 773
187927 461365 862
235755 574431 970
491266 418091 321
405462 496271 437
665981 42575 552
210780 564431 470
761180 789939 205
232774 360927 707
658341 40217 177
232689 268413 640
649310 880710 193
837725 355729 770
359119 812910 918
599619 411281 303
585356 39761 780
903093 132084 124
888301 278198 843
791665 137720 584
247522 26947 912
347759 191593 931
390112 819942 519
862287 914796 255
946537 918323 844
669168 841179 263
69444 410581 837
90942 391904 684
607852 664550 153
237542 956898 226
141623 985278 191
726719 604735 42
74271 163929 273
565764 305875 594
798734 348419 73
265569 391609 694
302213 564449 774
762638 237968 814
629355 806851 239
271288 447528 450
731204 21422 996
133401 349993 647
667913 952810 609
631889 646058 591
854489 713756 593
200781 582620 951
104435 917129 985
540163 764258 396
673966 82389 189
33102 499347 156
892213 186283 761
58100 431207 673
173827 792653 852
707241 142298 654
966866 54431 619
600772 459927 62
522830 861597 730
228846 774153 247
825374 428787 509
931922 873256 613
201433 418767 243
924431 79013 287
823664 769531 604
372086 742041 495
932974 390986 824
431103 453332 963
978130 879553 151
802120 216337 36
412433 861746 728
480098 730232 813
33978 400169 952
545231 148142 939
345732 117493 319
683232 684550 946
202540 979421 615
393771 266119 207
825787 70286 575
621038 550757 690
557281 570050 316
600349 51295 753
40065 133572 343
175144 267307 214
141170 105252 823
724798 40078 621
388281 450886 23
967848 295175 451
147170 781258 600
224836 349951 919
260627 723341 762
550782 827515 714
99098 188718 212
875329 13731 336
704956 103439 17
233147 961194 169
934072 765996 18
648035 588883 215
193474 735150 131
766899 210573 120
613365 453676 818
323030 338146 542
186869 632554 185
757906 251905 440
729812 662604 595
478505 537000 37
971522 542043 821
881205 502590 22
337564 145958 992
773091 745900 879
415842 347460 115
487445 443501 457
795178 533442 465
854294 315018 777
330253 173470 994
57465 696785 916
229924 884403 872
264970 543010 723
933364 703101 962
958482 895043 840
931574 843320 583
993476 269642 233
883722 840691 383
236230 41192 924
628091 996715 341
848014 378914 310
854298 20382 865
132587 877302 826
95386 707290 95
432375 99943 658
870204 913731 203
680083 562586 669
471533 104446 605
172782 153681 19
687572 352082 863
181923 233379 442
934579 767311 642
732933 139449 458
238531 69907 747
668274 142701 785
266016 306385 797
382278 286122 846
692012 363695 364
168990 95988
234284 142539
32922 123826
822521 406956
496627 904977
514983 28759
743268 57370
114551 57358
810761 300831
152840 595148
107565 387572
671433 894115
939456 806913
881205 502590
898234 605718
638434 36664
69896 250605
43405 400870
889611 224288
490138 41774
425312 454438
882595 736973
487445 443501
488585 949947
756128 547802
932717 434301
597434 211830
325302 37829
786397 192109
443298 426068
916792 833832
866262 971976
74271 163929
128115 884128
41548 799698
32335 295362
890994 768873
657764 331593
494128 693433
84732 890127
269332 520898
549732 197379
852817 82313
242203 408013
603413 648467
737239 769520
531313 83697
180621 94472
692888 248780
309963 971946
587948 726312
279326 358039
888033 989568
284222 930465
292120 840338
42862 295971
354373 221135
801119 769447
491015 274715
854489 713756
399253 209306
987664 279747
660692 198601
287518 946479
690135 477459
580481 144075
288030 437752
22602 639871
808288 184905
934579 767311
18237 874012
870961 698738
168990 737857
473450 189410
86227 232025
726463 333651
974247 392376
199849 278343
280322 991159
927220 159929
919597 902978
569727 72615
624425 223166
628630 432899
958482 895043
98243 509959
716923 162017
581250 873568
399888 379506
362663 526295
414114 345647
774457 665831
258469 335307
419595 293251
323030 338146
543182 157321
334476 309736
156033 605895
428118 254629
376679 285798
84181 618104
89287 498740
631448 544112
133452 195670
313412 730877
22688 321337
13893 77590
285322 926905
649310 880710
731577 902940
23567 766420
372433 499791
115112 604977
142797 109127
169620 810522
7231 665625
803779 545347
229355 62964
711752 746436
645104 368730
769025 6197
687626 98245
919341 864600
577313 892577
507704 251295
262392 213059
228788 350317
817281 288892
975790 64481
210140 11528
673816 129445
847825 148769
269480 478231
733604 450783
924427 432060
270383 62133
151034 1860
746111 638687
729473 436317
296680 942612
351835 635699
678231 936620
407850 748962
660449 424060
787403 975046
581865 997033
621038 550757
716658 802720
40561 805860
586933 354753
135392 736753
117539 514847
65356 474671
631889 646058
197224 375033
432375 99943
674184 799899
243800 121652
862287 914796
774957 733071
609267 323716
774908 952967
286223 411140
228353 872767
224993 705084
341587 152261
985551 723931
149831 129669
366241 743297
451899 568853
818060 932179
418097 267175
546829 475160
452466 60470
560134 316925
874333 131635
637831 590635
391153 195291
167665 686790
4060 518620
426578 721420
586225 655548
37050 871243
722320 849331
147840 371369
923568 201442
626343 856425
638413 188119
228283 479315
518542 19281
367972 327431
615371 813394
89508 373106
4029 353062
931574 843320
855928 154775
226897 568782
840325 479808
938480 727336
769870 925792
396173 128728
599619 411281
109951 250578
705559 850415
802050 669762
377660 512297
354080 49842
768585 730025
126544 255004
241040 61367
501233 233291
411382 333739
609212 678894
961476 708214
478777 74816
119256 232178
382278 286122
722452 190141
106166 454557
973707 7165
541867 656068
14516 16552
35093 59409
904109 244777
75644 247338
830546 774435
51592 309348
268648 815378
600772 459927
709319 240940
747370 86729
948143 590616
377231 689830
900962 529054
966859 547283
319869 815852
916624 465803
332442 361988
943341 888254
233108 674441
95967 553234
905208 413331
339795 452687
59595 544857
265569 391609
345860 863073
900926 460292
237542 956898
901383 959920
531189 517689
311382 233263
185388 636549
918827 209128
358969 147258
243086 439798
605261 198443
483752 673923
969801 330002
321763 308133
42661 372435
781530 844208
155869 650432
948702 319829
487536 662299
77538 554513
643764 400627
90498 862176
984268 187131
784020 818018
549686 481963
968956 145452
433395 925767
704956 103439
465987 998384
566872 17087
763340 677366
812025 227582
876293 441674
806948 489237
372165 627029
280413 500343
717049 516764
20115 693945
915900 343914
560445 671724
854701 649637
199542 918789
110604 428304
504489 806495
911389 106510
359955 161691
372994 849238
651195 818756
201516 419889
230511 677263
745961 132730
147170 781258
927812 913863
21442 189919
42503 9836
718195 426256
117035 461060
345103 774179
228846 774153
583217 558580
236199 610169
715963 767274
534279 399900
723722 809790
656481 765336
435187 440919
879096 119319
303829 703345
141170 105252
251746 938451
911016 878521
201525 232745
377482 845395
509453 16270
936436 381318
40297 336259
388901 635852
930343 891645
737777 212285
116912 454893
191555 434343
794727 577283
2062 444731
356999 279007
24695 720491
993568 195687
379538 652078
930925 889495
828952 222589
592851 43190
419600 446135
685544 726973
695195 104820
523759 722816
704288 96504
321331 127998
381331 418504
732933 139449
956426 936337
495949 419678
996921 499410
962657 238491
162181 862198
10546 182275
682728 199988
705154 907314
378138 146875
661804 451664
370294 487612
801730 858711
658209 184472
740868 363676
811061 258417
719150 471235
244482 145789
853679 12018
290759 471505
762638 237968
783313 996860
18630 547813
629835 728979
361097 634289
531105 269787
379676 718866
614595 436720
817943 798088
353524 914706
514331 41247
824122 434093
273568 740751
638814 779833
726719 604735
104815 681255
838655 966399
132889 168061
120476 846804
954725 826623
97096 771497
795689 73780
980818 506047
855753 19026
967507 343578
173827 792653
761500 549372
496093 273707
24279 225630
324475 319016
411031 692739
859461 25128
165507 257499
842136 885673
637533 432219
69954 982298
504904 256708
862978 624153
667618 956376
276127 83990
680083 562586
549438 888866
22088 886357
713420 448484
192959 350920
615836 496715
154104 135455
158887 289736
614032 842637
300174 726201
84058 108922
26893 859152
687903 253961
394101 470225
617493 733977
39561 275361
217235 759028
964825 259265
976272 156765
356121 412609
188093 403269
361074 506135
635662 474369
780198 836924
255786 638509
905819 964168
756597 640889
895274 145943
592956 881271
589875 851807
486692 479297
130891 360299
690455 498944
90581 891979
618307 511898
675223 414029
339475 924224
692746 871488
413039 833608
442339 994283
754390 277489
908481 971279
966866 54431
417864 259413
482489 28447
255111 348998
972282 980168
446478 736543
570012 484754
755233 303075
287286 175989
318843 259378
494079 281663
129866 507778
764907 374578
-1 -1
